# pick_lowest_evalue
# help
python pick_lowest_evalue.py -h

(1) inputfile :
1481393.1	M0185147	38.384	99	60	1	12	109	2386	2484	8.49e-16	78.2
1481393.1	M0185148	40.385	104	57	3	12	112	2383	2484	8.57e-16	78.2
1481393.1	M0315016	37.113	97	60	1	14	109	2384	2480	2.73e-15	76.6
1481394.1	M1192366	24.048	499	320	17	18	499	28	484	1.21e-20	101
1481394.1	M0178660	28.241	216	124	7	311	518	273	465	3.82e-12	74.3
1481394.1	M0953065	28.085	235	145	7	236	469	98	309	2.89e-10	67.8
1481394.1	M1267414	23.048	269	167	9	247	501	183	425	7.08e-10	67.4
1481394.1	M0952553	27.660	235	146	7	236	469	70	281	2.96e-08	62.0
1481394.1	M1265997	24.645	211	127	8	247	442	260	453	5.21e-08	61.2
1481394.1	M0916667	24.887	221	142	8	283	499	611	811	1.07e-06	57.0
1481394.1	M1150827	28.859	149	88	4	344	490	794	926	1.57e-06	56.6
1481394.1	M0715483	23.577	246	166	5	264	493	386	625	2.26e-06	55.8
1481394.1	M1023466	26.316	152	97	3	320	471	849	985	3.47e-06	55.5
1481394.1	M1025148	26.966	178	118	6	316	491	467	634	4.41e-06	55.1
1481394.1	M1026320	25.352	213	137	8	316	526	305	497	5.51e-06	54.7
1481395.1	M0065403	54.229	1005	425	15	1	993	3	984	0.0	1071
1481395.1	M0210071	53.925	981	437	9	17	992	19	989	0.0	1048
1481395.1	M0944043	61.489	470	177	2	529	994	34	503	0.0	613
1481395.1	M0017087	35.756	509	279	17	30	508	490	980	5.57e-63

(2)outfile:
1481393.1	M0185147
1481394.1	M1192366
1481395.1	M0065403

    
